0.980875 0.002046
0.980910 0.002047
0.980945 0.002089
0.980985 0.002116
0.981030 0.002018
0.981075 0.001964
0.981125 0.001974
0.981185 0.001933
0.981250 0.002010
0.981325 0.002005
0.981405 0.002182
0.982485 0.002367
0.982590 0.002747
0.982695 0.002803
0.982815 0.002918
0.982945 0.003024
0.983085 0.004180
0.983240 0.004064
0.983415 0.004188
0.983610 0.003893
0.983830 0.003614
0.984080 0.004291
0.984245 0.003634
0.984425 0.003674
0.984625 0.003591
0.984840 0.003268
0.985075 0.001886
0.985335 0.001899
0.985625 0.001796
0.985675 0.001724
0.985900 0.002129
0.985950 0.001788
0.986155 0.001751
0.986315 0.001969
0.986435 0.001434
0.986735 0.001716
0.987065 0.001846
0.987265 0.001903
0.987430 0.001680
0.987560 0.001562
0.987835 0.001661
0.987885 0.001706
0.988245 0.001988
0.988290 0.001968
0.988630 0.001969
0.988805 0.002339
0.988855 0.002035
0.989055 0.002529
0.989220 0.002772
0.989385 0.002848
0.989525 0.003060
0.989615 0.003198
0.990050 0.003352
0.990050 0.003106
0.990445 0.003342
0.990525 0.003229
0.990635 0.003391
0.990880 0.003459
0.991045 0.003714
0.991295 0.003400
0.991345 0.003607
0.991620 0.003210
0.991855 0.003090
0.992040 0.003315
0.992265 0.002983
0.992420 0.003055
0.992540 0.002546
0.992980 0.002571
0.993035 0.002231
0.993075 0.002111
0.993635 0.002161
0.993665 0.001977
0.993715 0.001917
0.993780 0.001818
0.994195 0.001821
0.994315 0.001892
0.994475 0.001812
0.994695 0.002077
0.994805 0.001653
0.995025 0.001832
0.995225 0.002022
0.995320 0.001924
0.995475 0.002171
0.995810 0.002380
0.995850 0.002452
0.996210 0.002592
0.996265 0.002551
0.996535 0.002640
0.996685 0.002550
0.996815 0.002557
0.997015 0.002581
0.997285 0.002639
0.997345 0.002556
0.997510 0.002920
0.997660 0.002711
0.997905 0.002830
0.998105 0.004071
0.998265 0.004200
0.998405 0.004659
0.998755 0.003603
0.998895 0.003930
0.999005 0.003863
0.999095 0.004011
0.999170 0.003859
1.000000 0.003616
1.000830 0.002525
1.000905 0.002434
1.000995 0.002285
1.001105 0.002314
1.001245 0.002424
1.001595 0.002947
1.001735 0.002790
1.001895 0.002666
1.002095 0.002513
1.002340 0.002244
1.002490 0.002222
1.002655 0.002302
1.002715 0.002116
1.002985 0.002351
1.003185 0.002051
1.003315 0.002598
1.003465 0.002581
1.003735 0.002418
1.003790 0.002424
1.004150 0.002517
1.004190 0.002529
1.004525 0.003207
1.004680 0.002753
1.004775 0.003071
1.004975 0.002987
1.005195 0.002781
1.005305 0.002776
1.005525 0.002592
1.005685 0.002769
1.005805 0.002742
1.006220 0.002764
1.006285 0.002536
1.006335 0.002225
1.006365 0.002355
1.006925 0.002327
1.006965 0.002768
1.007020 0.002837
1.007460 0.002849
1.007580 0.002860
1.007735 0.002714
1.007960 0.002917
1.007960 0.002866
1.008145 0.002533
1.008380 0.003056
1.008655 0.002893
1.008705 0.002775
1.008955 0.002585
1.009120 0.002717
1.009365 0.002698
1.009475 0.002870
1.009555 0.003057
1.009950 0.003129
1.010385 0.002888
1.010475 0.002660
1.010615 0.002788
1.010780 0.003094
1.010945 0.002969
1.011145 0.002787
1.011195 0.002852
1.011370 0.002701
1.011710 0.002884
1.011755 0.002796
1.012115 0.002965
1.012165 0.003115
1.012440 0.002877
1.012570 0.003077
1.012735 0.002738
1.012935 0.002787
1.013265 0.002748
1.013565 0.002675
1.013685 0.002536
1.013845 0.002392
1.014050 0.002547
1.014100 0.002112
1.014325 0.002513
1.014375 0.002125
1.014665 0.002381
1.014925 0.002394
1.015160 0.002360
1.015375 0.002438
1.015575 0.002469
1.015755 0.002673
1.015920 0.002887
1.016170 0.002624
1.016390 0.002512
1.016585 0.002849
1.016760 0.002698
1.016915 0.002952
1.017055 0.003292
1.017185 0.003244
1.017305 0.003434
1.017410 0.003368
1.017515 0.002989
1.018575 0.002345
1.018655 0.002411
1.018730 0.002386
1.018795 0.002274
1.018855 0.002171
1.018905 0.001929
1.018950 0.001726
1.018995 0.001812
1.019035 0.001573
1.019070 0.001513
1.019105 0.001448
